967917
968055
1039456
1141077
1180927
1192060
1306479
1312343
1328138
1330493
1353446
1404869
1408257
1423969
1433678
1449452
1457058
1458224
1468542
1494327
1498251
1499138
1508769
1518924
1532556
1536884
1537925
1545135
1547596
1556904
1561567
1562875
1565487
1574603
1577144
1593057
1594598
1595244
1595850
1597526
1601642
1604123
1604940
1611719
1616894
1624258
1624872
1628149
1629379
1640832
1646129
1656562
1665441
1671869
1672700
1676335
1680549
1684903
1686749
1687084
1690574
1693022
1693654
1693866
1693923
1696485
1697863
1698462
1698928
1699993
1712411
1721941
1722131
1728128
1733247
1735006
1736854
1737427
1740419
1742673
1744678
1751696
1759891
1761637
1767138
1769050
1770671
1775662
1780842
1781793
1790301
1797921
1801589
1802803
1803674
1804158
1804775
1805771
1807111
1807138
1809604
1810487
1812260
1813042
1813899
1814962
1816890
1817884
1819890
1821649
1823749
1827006
1827007
1827008
1827010
1827013
1833048
1835836
1841885
1841988
1842510
1846720
1850079
1850518
1853651
1856813
1859679
1862574
1863866
1864187
1864461
1864974
1869186
1875634
1876870
1877198
1880007
1888886
1889729
1897778
1905874
1912139
1916172
1919118
1920105
1925310
1927177
1928448
1932740
1940007
1947520
1947915
